<?xml version="1.0"?>
<opencv_storage>
<RotationLC type_id="opencv-matrix">
  <rows>3</rows>
  <cols>3</cols>
  <dt>d</dt>
  <data>
    0.9998170782293575 -0.0106368103535097 -0.0158955448605621
    0.0106917068923156 0.9999371545215333 3.3725970865602223e-03
    0.0158586722218313 -3.5419306716722764e-03 0.9998679699052658</data></RotationLC>
</opencv_storage>
