<?xml version="1.0"?>
<opencv_storage>
<RotationRC type_id="opencv-matrix">
  <rows>3</rows>
  <cols>3</cols>
  <dt>d</dt>
  <data>
    0.9998841923937085 -0.0123420636425313 -8.9036658868683304e-03
    0.0123112052494277 0.9999180455138921 -3.5123326984768297e-03
    8.9462856252044299e-03 3.4023110854289472e-03 0.9999541930772581</data></RotationRC>
</opencv_storage>
