<?xml version="1.0"?>
<opencv_storage>
<Rotation type_id="opencv-matrix">
  <rows>3</rows>
  <cols>3</cols>
  <dt>d</dt>
  <data>
    0.9999747958161496 1.6431658924254068e-03 -6.9070788543374156e-03
    -1.5950192151239035e-03 0.9999744346262425 6.9703663913733664e-03
    6.9183557405969494e-03 -6.9591737854842843e-03 0.9999518519679185</data></Rotation>
</opencv_storage>
