<?xml version="1.0"?>
<opencv_storage>
<Translation type_id="opencv-matrix">
  <rows>3</rows>
  <cols>1</cols>
  <dt>d</dt>
  <data>
    -4.5577692291472740 0.0562587930902808 0.0405855545217107</data></Translation>
</opencv_storage>
