<?xml version="1.0"?>
<opencv_storage>
<Essential type_id="opencv-matrix">
  <rows>3</rows>
  <cols>3</cols>
  <dt>f</dt>
  <data>
    4.53953078e-04 -0.04097603 0.05597319 0.07211680 -0.03165162
    4.55726957 -0.04898765 -4.55774498 -0.03138074</data></Essential>
</opencv_storage>
