<?xml version="1.0"?>
<opencv_storage>
<Fundamental type_id="opencv-matrix">
  <rows>3</rows>
  <cols>3</cols>
  <dt>f</dt>
  <data>
    -4.01444877e-09 3.62487896e-07 -2.38371780e-03 -6.38387860e-07
    2.80280403e-07 -0.14485495 2.62821233e-03 0.14466386 1.</data></Fundamental>
</opencv_storage>
