<?xml version="1.0"?>
<opencv_storage>
<Q type_id="opencv-matrix">
  <rows>4</rows>
  <cols>4</cols>
  <dt>d</dt>
  <data>
    1. 0. 0. -2.2259871063232422e+03 0. 1. 0. -1.6563394470214844e+03 0.
    0. 0. 3.2301857135674145e+03 0. 0. -0.2194115418839250 0.</data></Q>
</opencv_storage>
